1442 
1514 
1586 
1443 
1515 
1587 
1231 
1303 
1375 
1232 
1304 
1376 
1233 
1305 
1377 
786 
858 
930 
787 
859 
931 
2227 
2299 
2371 
788 
860 
932 
2228 
2300 
2372 
2229 
2301 
2373 
3602 
3674 
3746 
4250 
4322 
4394 
3603 
3675 
3747 
4251 
4323 
4395 
4755 
4827 
4899 
4252 
4324 
4396 
4756 
4828 
4900 
4757 
4829 
4901 
3685 
3757 
3829 
3686 
3758 
3830 
3974 
4046 
4118 
3687 
3759 
3831 
3975 
4047 
4119 
3976 
4048 
4120 
3663 
3735 
3807 
3664 
3736 
3808 
3665 
3737 
3809 
4316 
4388 
4460 
4317 
4389 
4461 
5618 
5690 
5762 
5619 
5691 
5763 
6419 
6491 
6563 
6420 
6492 
6564 
6421 
6493 
6565 
7299 
7371 
7443 
6868 
7012 
7156 
7300 
7372 
7516 
6869 
6941 
7013 
7085 
7157 
7229 
7301 
7373 
7445 
7589 
6870 
6942 
7014 
7086 
7158 
7230 
7302 
7374 
7518 
7590 
5391 
5463 
5392 
5464 
5393 
5465 
10015 
10087 
10159 
9944 
10088 
10160 
9945 
10017 
10161 
9946 
10018 
10090 
10162 
10019 
10091 
10163 
10020 
10092 
10164 
10021 
10093 
10165 
10022 
10094 
10166 
8882 
8954 
9026 
8883 
8955 
9027 
8884 
8956 
9028 
8885 
8957 
9029 
8886 
8958 
9030 
9847 
9919 
9991 
9848 
9920 
9992 
9849 
9921 
9993 
8771 
8843 
8915 
8987 
9131 
9203 
9275 
8772 
8844 
8916 
8988 
9132 
9204 
9276 
8773 
8845 
8917 
8989 
9133 
9205 
9277 
8774 
8846 
8918 
8990 
9134 
9206 
9278 
8776 
8848 
8920 
8345 
8417 
8489 
8777 
8849 
8921 
8346 
8418 
8490 
8778 
8850 
8922 
8347 
8419 
8491 
9283 
9355 
9427 
8420 
8492 
8564 
8924 
8996 
9068 
9212 
9284 
9356 
9428 
8421 
8493 
8565 
8925 
8997 
9069 
9213 
9285 
9357 
9429 
11594 
11666 
11738 
11595 
11667 
11739 
11811 
11883 
11740 
11812 
11884 
11741 
11813 
11885 
11458 
11530 
11602 
11459 
11531 
11603 
11460 
11532 
11604 
11477 
11549 
11621 
11693 
11765 
11837 
11909 
11981 
11478 
11550 
11622 
11694 
11766 
11838 
11910 
11982 
11479 
11551 
11623 
11695 
11767 
11839 
11911 
11983 
12716 
12788 
12717 
12789 
12718 
12790 
12360 
12432 
12504 
12361 
12433 
12505 
12362 
12434 
12506 
11500 
11572 
11644 
11501 
11573 
11645 
11502 
11574 
11646 
10569 
10641 
10713 
10642 
10714 
11290 
11362 
11434 
10643 
10715 
11291 
11363 
11435 
11292 
11364 
11436 
11871 
11943 
12015 
11872 
11944 
12016 
11873 
11945 
12017 
14474 
14546 
14618 
14475 
14547 
14619 
14123 
14195 
14267 
14124 
14196 
14268 
14125 
14197 
14269 
14216 
14288 
14360 
14217 
14289 
14361 
14218 
14290 
14362 
15159 
15231 
15303 
14800 
14872 
14944 
15016 
15088 
15160 
15232 
15304 
15376 
14801 
14873 
14945 
15017 
15089 
15161 
15233 
15305 
15377 
14802 
14874 
14946 
15018 
15090 
15162 
15234 
15306 
15378 
15019 
15091 
15163 
15235 
15307 
15379 
14804 
14876 
14948 
15020 
15092 
15164 
15236 
15308 
15380 
14805 
14877 
14949 
15021 
15093 
15165 
15237 
15309 
15381 
14662 
14734 
14806 
14878 
14950 
14663 
14735 
14807 
14664 
14736 
14808 
14824 
14896 
14968 
15040 
14825 
14897 
14969 
15041 
14826 
14898 
14970 
15042 
17860 
17956 
18052 
17861 
17957 
18053 
17862 
17958 
18054 
17863 
17959 
18055 
17864 
17960 
18056 
18924 
19020 
19116 
18925 
19021 
19117 
18926 
19022 
19118 
18927 
19023 
19119 
16927 
17023 
17119 
16928 
17024 
17120 
16929 
17025 
17121 
19234 
19330 
19426 
19235 
19331 
19427 
19236 
19332 
19428 
17902 
17998 
18094 
17903 
17999 
18095 
17904 
18000 
18096 
16960 
17056 
17152 
16961 
17057 
17153 
16962 
17058 
17154 
18114 
18210 
18306 
18115 
18211 
18307 
18116 
18212 
18308 
18427 
18619 
18428 
18524 
18620 
18429 
18525 
18621 
21602 
21698 
21794 
21890 
21986 
22082 
22850 
22946 
23042 
24194 
24290 
24386 
21603 
21699 
21795 
21891 
21987 
22083 
22947 
23043 
23139 
23235 
23907 
24003 
24099 
24195 
24291 
24387 
21700 
21796 
21892 
21988 
22084 
22852 
22948 
23044 
23140 
23236 
23908 
24004 
24100 
24196 
24292 
24388 
21701 
21797 
21893 
21989 
22949 
23045 
23141 
23237 
23909 
24005 
24101 
24197 
21798 
21894 
21990 
24006 
24102 
24198 
21511 
21607 
21703 
21799 
21895 
21991 
21512 
21608 
21704 
21800 
21896 
21992 
22088 
24296 
24392 
24488 
21513 
21609 
21705 
21801 
21897 
21993 
22089 
22185 
22281 
22377 
22473 
22569 
24297 
24393 
24489 
21706 
21802 
21898 
21994 
22090 
22186 
22282 
22378 
22474 
22570 
22666 
22762 
22858 
24298 
24394 
24490 
21707 
21803 
21899 
22187 
22283 
22379 
22475 
22571 
22667 
22763 
22859 
22955 
23051 
22668 
22764 
22860 
22956 
23052 
22861 
22957 
23053 
22388 
22484 
22580 
22389 
22485 
22581 
22390 
22486 
22582 
22013 
22109 
22205 
22014 
22110 
22206 
22302 
22015 
22111 
22207 
22303 
22112 
22208 
22304 
22784 
22880 
22497 
22593 
22689 
22785 
22881 
22498 
22594 
22690 
22786 
22882 
22499 
22595 
22691 
21641 
21737 
21833 
21546 
21642 
21738 
21834 
21547 
21643 
21739 
21835 
21548 
21644 
21740 
22220 
22316 
22412 
22221 
22317 
22413 
22222 
22318 
22414 
22344 
22440 
22536 
22345 
22441 
22537 
22058 
22154 
22250 
22346 
22442 
22538 
22059 
22155 
22251 
22060 
22156 
22252 
21688 
21784 
21880 
21689 
21785 
21881 
21690 
21882 
21978 
22074 
22170 
21979 
22075 
22171 
21980 
22172 
1298 
1370 
1442 
1299 
1371 
1443 
1364 
1436 
1508 
1365 
1437 
1509 
10089 
11649 
11721 
11793 
11650 
11722 
11794 
11651 
11723 
11795 
14190 
14262 
14334 
14191 
14263 
14335 
14192 
14264 
14336 
14035 
14107 
14179 
14036 
14108 
14180 
14037 
14109 
14181 
19014 
19110 
19206 
19015 
19111 
19207 
19016 
19112 
19208 
18427 
18619 
18428 
18524 
18620 
18429 
18525 
18621 
21602 
21698 
21794 
21603 
21699 
21795 
22666 
22762 
22858 
22667 
22763 
22859 
22668 
22764 
22860 
22784 
22880 
22689 
22785 
22881 
22690 
22786 
22882 
