434 
506 
578 
650 
722 
435 
507 
579 
651 
723 
867 
939 
1011 
580 
652 
724 
868 
940 
1012 
869 
941 
1013 
543 
472 
544 
401 
473 
545 
2084 
2156 
2228 
2300 
2372 
2085 
2157 
2229 
2301 
2373 
4685 
4757 
4829 
4901 
4973 
4686 
4758 
4830 
4902 
4974 
4687 
4759 
4831 
4903 
4975 
4760 
4832 
4904 
4069 
4141 
4213 
4070 
4142 
4214 
4071 
4143 
4215 
3591 
3663 
3735 
3807 
3592 
3664 
3736 
3808 
3593 
3665 
3737 
3809 
3594 
3666 
3738 
3810 
4964 
5036 
4965 
5037 
8718 
8790 
8862 
8719 
8791 
8863 
10015 
10087 
10159 
8720 
8792 
8864 
9944 
10016 
10088 
10160 
9945 
10017 
10089 
10161 
9946 
10018 
10090 
10162 
10019 
10091 
10163 
10020 
10092 
10164 
10021 
10093 
10165 
10022 
10094 
10166 
7977 
8049 
8121 
7978 
8050 
8122 
9634 
9706 
9778 
9922 
9994 
10066 
7979 
8051 
8123 
9491 
9563 
9635 
9707 
9779 
9923 
9995 
10067 
9492 
9564 
9636 
9708 
9780 
9924 
9996 
10068 
7981 
8053 
9493 
9565 
9637 
7982 
8054 
9494 
9566 
9638 
7983 
8055 
9352 
9424 
9496 
9568 
9353 
9425 
9497 
9569 
9354 
9426 
9498 
9570 
9283 
9355 
9427 
8924 
8996 
9068 
9212 
9284 
9356 
9428 
8925 
8997 
9069 
9213 
9285 
9357 
9429 
10514 
10586 
10658 
10730 
10802 
10874 
12026 
12098 
12170 
12242 
12602 
12674 
12746 
10515 
10587 
10659 
10731 
10803 
10875 
12027 
12099 
12171 
12243 
12603 
12675 
12747 
10516 
10588 
10660 
10732 
10804 
12644 
12716 
12788 
12645 
12717 
12789 
12646 
12718 
12790 
12719 
12791 
12720 
12792 
12721 
12793 
10922 
10994 
11066 
11138 
10923 
10995 
11067 
11139 
10924 
10996 
11068 
11140 
10997 
11069 
11141 
10998 
11070 
11142 
11649 
11721 
11793 
11650 
11722 
11794 
11651 
11723 
11795 
13357 
13429 
13501 
13358 
13430 
13502 
13359 
13431 
13503 
14821 
14893 
14965 
14822 
14894 
14966 
14823 
14895 
14967 
15039 
14824 
14896 
14968 
15040 
14825 
14897 
14969 
15041 
14826 
14898 
14970 
15042 
18723 
18819 
18915 
18724 
18820 
18916 
18725 
18821 
18917 
18054 
18150 
18246 
18055 
18151 
18247 
18056 
18152 
18248 
16044 
16140 
16236 
16045 
16141 
16237 
16046 
16142 
16238 
19159 
19255 
19351 
19160 
19256 
19352 
19161 
19257 
19353 
18310 
18406 
18502 
18311 
18407 
18503 
18312 
18408 
18504 
15827 
15923 
16019 
16115 
16211 
16403 
16499 
16595 
16691 
15828 
15924 
16020 
16116 
16212 
16308 
16404 
16500 
16596 
16692 
16788 
15829 
15925 
16021 
16117 
16213 
16309 
16405 
16501 
16597 
16693 
16789 
16214 
16310 
16406 
16502 
16598 
16694 
16790 
19772 
19868 
19964 
19773 
19869 
19965 
21413 
21509 
21605 
21414 
21510 
21606 
21415 
21511 
21607 
23815 
23911 
24007 
24295 
24391 
24487 
23816 
23912 
24008 
24296 
24392 
24488 
23817 
23913 
24009 
24297 
24393 
24489 
23818 
23914 
24010 
24211 
24307 
24403 
21524 
21620 
21716 
24212 
24308 
24404 
21525 
21621 
21717 
24213 
24309 
24405 
21526 
21622 
21718 
24214 
24310 
24406 
22591 
22687 
22783 
22592 
22688 
22784 
22593 
22689 
22785 
22220 
22316 
22412 
22221 
22317 
22413 
22222 
22318 
22414 
20879 
20975 
21071 
21167 
21263 
21359 
20880 
20976 
21072 
21168 
21264 
21360 
24432 
24528 
20881 
20977 
21073 
21169 
21265 
21361 
24433 
24529 
20882 
20978 
21074 
24434 
24530 
24435 
24531 
23860 
23956 
24052 
23861 
23957 
24053 
23862 
23958 
24054 
21656 
21752 
21848 
21944 
22328 
22424 
22520 
21657 
21753 
21849 
22329 
22425 
22521 
21658 
21754 
21850 
22330 
22426 
22522 
20411 
20507 
20603 
20412 
20508 
20604 
20413 
20509 
20605 
20797 
20893 
20989 
20798 
20894 
20990 
20799 
20895 
20991 
20512 
20608 
20704 
20513 
20609 
20705 
20514 
20610 
20706 
20898 
20994 
21090 
20899 
20995 
21091 
20420 
20516 
20612 
20708 
20804 
20900 
20996 
21092 
20421 
20517 
20613 
20709 
20805 
20901 
20997 
21093 
21189 
20422 
20518 
20614 
20710 
20806 
20902 
20998 
21094 
21190 
20423 
20519 
20615 
20711 
20807 
20903 
20999 
21095 
21191 
20424 
20520 
20616 
21192 
21288 
21384 
20425 
20521 
20617 
20713 
21193 
21289 
21385 
20522 
20618 
20714 
21194 
21290 
21386 
20427 
20523 
20619 
20715 
24459 
24555 
20428 
20524 
21004 
21100 
21196 
24460 
24556 
20429 
20525 
21005 
21101 
21197 
24461 
24557 
20526 
20622 
20718 
21006 
21102 
21198 
20431 
20527 
20623 
20719 
20432 
20528 
20624 
20720 
20433 
20529 
20625 
21105 
21201 
21297 
21393 
21010 
21106 
21202 
21298 
21394 
20723 
20819 
20915 
21011 
21107 
21203 
21299 
21395 
20724 
20820 
20916 
21012 
21108 
21204 
20725 
20821 
20917 
21013 
21205 
21301 
21397 
20822 
20918 
21014 
21206 
21302 
21398 
20631 
20727 
20823 
20919 
21015 
21111 
21207 
21303 
21399 
20632 
20728 
20824 
20920 
21016 
21112 
21208 
20825 
20921 
21017 
21113 
21209 
20442 
20826 
20922 
21018 
20443 
20827 
20923 
21019 
21979 
22075 
22171 
24475 
24571 
20444 
20540 
20732 
20828 
20924 
21020 
21980 
22076 
22172 
23612 
23708 
23804 
24380 
24476 
24572 
20733 
20829 
20925 
21981 
22077 
22173 
23613 
23709 
23805 
24381 
24477 
24573
1317 
1389 
1461 
1318 
1390 
1462 
1319 
1391 
1463 
1685 
1757 
1829 
1686 
1758 
1830 
1687 
1759 
1831 
1688 
1760 
1832 
181 
253 
325 
397 
469 
613 
685 
757 
829 
901 
182 
254 
326 
398 
614 
686 
758 
830 
902 
183 
255 
327 
399 
615 
687 
759 
831 
903 
184 
256 
328 
400 
616 
688 
760 
832 
904 
50 
21474 
21570 
21666 
21475 
21571 
21667 
21476 
21572 
21668 
20537 
20633 
20729 
20538 
20634 
20730 
20539 
20635 
20731 
4142
10089
11722
24308
22688
20976
22076
